Starting Dynare (version 4.5.6).
Starting preprocessing of the model file ...
Substitution of endo leads >= 2: added 9 auxiliary variables and equations.
Substitution of endo lags >= 2: added 14 auxiliary variables and equations.
Found 56 equation(s).
Evaluating expressions...done
Computing static model derivatives:
 - order 1
Computing dynamic model derivatives:
 - order 1
 - order 2
Processing outputs ...
done
Preprocessing completed.

MODEL SUMMARY

  Number of variables:         56
  Number of stochastic shocks: 4
  Number of state variables:   28
  Number of jumpers:           19
  Number of static variables:  13


MATRIX OF COVARIANCE OF EXOGENOUS SHOCKS
Variables     inno_ebt    inno_zt  interest_    fiscal_
inno_ebt      1.000000   0.000000   0.000000   0.000000
inno_zt       0.000000   1.000000   0.000000   0.000000
interest_     0.000000   0.000000   1.000000   0.000000
fiscal_       0.000000   0.000000   0.000000   0.759687

POLICY AND TRANSITION FUNCTIONS
                                  ct         deltaFt         deltaWt      Deltastart              ht          Jstart         lambdat             mct              mt              nt             Pit          Piannt              qt              Rt              st              ut              vt          wstart              wt             xLt              yt             ebt         emoneyt              gt              zt              g_       mon_shock        interest       inflation      inflationq       outputgap          output          fispol
ct(-1)                      0.601541        0.098365       -0.293111        0.473941        0.391504        0.865416        0.492297        0.003237        0.289146               0        0.001068        0.001068       -0.289146        0.081498        0.289146               0        0.578292       -0.000289       -0.000678        0.003237        0.387589               0               0               0               0               0               0        0.325993        0.001068        0.004271        0.387589        0.387589               0
mt(-1)                     -0.000015       -0.000873       -0.001480       -0.003720       -0.090501       -0.003112        0.000073       -0.000922       -0.825698        0.090000       -0.000516       -0.000516        0.015698        0.000007       -0.015698       -0.810000       -0.841396       -0.000551       -0.000017       -0.000922        0.000404               0               0               0               0               0               0        0.000028       -0.000516       -0.002064        0.000404        0.000404               0
nt(-1)                     -0.000148       -0.008823       -0.014968       -0.037613       -0.915064       -0.031468        0.000742       -0.009327       -8.348726        0.910000       -0.005217       -0.005217        0.158726        0.000072       -0.158726       -8.190000       -8.507452       -0.005569       -0.000176       -0.009327        0.004087               0               0               0               0               0               0        0.000288       -0.005217       -0.020868        0.004087        0.004087               0
wt(-1)                      0.024625        0.484788       -0.484573        1.368954        0.016643        2.338314       -0.123123        0.500098        0.718486               0        0.497969        0.497969       -0.718486        0.067928        0.718486               0        1.436971        0.497833        0.499932        0.500098        0.016476               0               0               0               0               0               0        0.271711        0.497969        1.991878        0.016476        0.016476               0
ebt(-1)                    -0.517510        0.395811       -1.380906        2.490661       -0.340250        4.267378        2.587551       -0.006422       -4.190586               0       -0.022536       -0.022536        4.190586       -0.289484       -4.190586               0       -8.381172       -0.028575       -0.003020       -0.006422       -0.336847        0.900000               0               0               0               0               0       -1.157934       -0.022536       -0.090142       -0.336847       -0.336847               0
gt(-1)                     -0.078876        0.077274       -0.339471        0.327662        0.226226        0.744407        0.394381        0.001761        0.214590               0        0.000134        0.000134       -0.214590        0.054143        0.214590               0        0.429180       -0.000868       -0.000501        0.001761        0.223963               0               0        0.791200               0               0               0        0.216574        0.000134        0.000536        0.223963        0.223963               0
zt(-1)                      0.010152        0.138761       -1.389165        0.203079       -0.671510        1.731004       -0.050762       -0.423931       -0.153046               0       -0.261783       -0.261783        0.153046        0.009653       -0.153046               0       -0.306092        0.246186        0.253984       -0.423931        0.006405               0               0               0        0.671200               0               0        0.038611       -0.261783       -1.047132        0.006405        0.006405               0
mon_shock(-1)              -0.114709        0.087401       -0.196776        0.602667       -0.075393        0.886843        0.573545       -0.001507       -0.899788               0       -0.004661       -0.004661        0.899788        0.151307       -0.899788               0       -1.799575       -0.006167       -0.000753       -0.001507       -0.074639               0               0               0               0               0        0.850000        0.605228       -0.004661       -0.018646       -0.074639       -0.074639               0
interest(-1)               -0.003014        0.003702       -0.001685        0.017569       -0.001980        0.022956        0.015069       -0.000045       -0.022931               0       -0.000114       -0.000114        0.022931        0.000842       -0.022931               0       -0.045862       -0.000165       -0.000025       -0.000045       -0.001960               0               0               0               0               0               0        0.003369       -0.000114       -0.000457       -0.001960       -0.001960               0
output(-2)                 -0.029152        0.020447        0.099500        0.224469       -0.019129        0.145416        0.145762       -0.000489       -0.192272               0       -0.000747       -0.000747        0.192272        0.052383       -0.192272               0       -0.384544       -0.001343       -0.000298       -0.000489       -0.018938               0               0               0               0               0               0        0.209534       -0.000747       -0.002987       -0.018938       -0.018938               0
output(-3)                 -0.021903        0.007900        0.114555        0.187167       -0.014362        0.080512        0.109513       -0.000383       -0.133818               0       -0.000433       -0.000433        0.133818        0.059391       -0.133818               0       -0.267637       -0.000912       -0.000239       -0.000383       -0.014219               0               0               0               0               0               0        0.237562       -0.000433       -0.001734       -0.014219       -0.014219               0
output(-4)                 -0.012228       -0.003290        0.081567        0.110438       -0.008013        0.025581        0.061142       -0.000214       -0.068241               0       -0.000168       -0.000168        0.068241        0.065409       -0.068241               0       -0.136481       -0.000435       -0.000134       -0.000214       -0.007933               0               0               0               0               0               0        0.261634       -0.000168       -0.000670       -0.007933       -0.007933               0
outputgap(-2)              -0.019008        0.013576        0.063875        0.145921       -0.012473        0.095623        0.095040       -0.000319       -0.125655               0       -0.000490       -0.000490        0.125655        0.033352       -0.125655               0       -0.251311       -0.000879       -0.000194       -0.000319       -0.012348               0               0               0               0               0               0        0.133407       -0.000490       -0.001961       -0.012348       -0.012348               0
outputgap(-3)              -0.014451        0.005307        0.075363        0.123415       -0.009476        0.053359        0.072254       -0.000252       -0.088370               0       -0.000287       -0.000287        0.088370        0.038786       -0.088370               0       -0.176740       -0.000602       -0.000158       -0.000252       -0.009381               0               0               0               0               0               0        0.155145       -0.000287       -0.001148       -0.009381       -0.009381               0
outputgap(-4)              -0.008152       -0.002193        0.054378        0.073626       -0.005342        0.017054        0.040761       -0.000143       -0.045494               0       -0.000112       -0.000112        0.045494        0.043606       -0.045494               0       -0.090987       -0.000290       -0.000089       -0.000143       -0.005289               0               0               0               0               0               0        0.174423       -0.000112       -0.000447       -0.005289       -0.005289               0
interest(-2)               -0.003228        0.002888        0.008458        0.023736       -0.002119        0.018166        0.016139       -0.000053       -0.022030               0       -0.000091       -0.000091        0.022030        0.003747       -0.022030               0       -0.044060       -0.000156       -0.000032       -0.000053       -0.002097               0               0               0               0               0               0        0.014987       -0.000091       -0.000366       -0.002097       -0.002097               0
interest(-3)               -0.002859        0.001274        0.014398        0.024244       -0.001875        0.011121        0.014295       -0.000050       -0.017672               0       -0.000059       -0.000059        0.017672        0.006735       -0.017672               0       -0.035344       -0.000121       -0.000031       -0.000050       -0.001856               0               0               0               0               0               0        0.026940       -0.000059       -0.000236       -0.001856       -0.001856               0
interest(-4)               -0.001812       -0.000487        0.012084        0.016361       -0.001187        0.003790        0.009058       -0.000032       -0.010110               0       -0.000025       -0.000025        0.010110        0.009690       -0.010110               0       -0.020219       -0.000064       -0.000020       -0.000032       -0.001175               0               0               0               0               0               0        0.038761       -0.000025       -0.000099       -0.001175       -0.001175               0
inflationq(-2)             -0.008864        0.006705        0.028250        0.067374       -0.005816        0.045829        0.044318       -0.000148       -0.059039               0       -0.000234       -0.000234        0.059039        0.014320       -0.059039               0       -0.118078       -0.000414       -0.000090       -0.000148       -0.005758               0               0               0               0               0               0        0.057279       -0.000234       -0.000936       -0.005758       -0.005758               0
inflationq(-3)             -0.006999        0.002715        0.036171        0.059662       -0.004590        0.026206        0.034995       -0.000122       -0.042921               0       -0.000140       -0.000140        0.042921        0.018182       -0.042921               0       -0.085842       -0.000293       -0.000076       -0.000122       -0.004544               0               0               0               0               0               0        0.072727       -0.000140       -0.000561       -0.004544       -0.004544               0
inflationq(-4)             -0.004076       -0.001097        0.027189        0.036813       -0.002671        0.008527        0.020381       -0.000071       -0.022747               0       -0.000056       -0.000056        0.022747        0.021803       -0.022747               0       -0.045494       -0.000145       -0.000045       -0.000071       -0.002644               0               0               0               0               0               0        0.087211       -0.000056       -0.000223       -0.002644       -0.002644               0
Pit(-2)                            0               0               0               0               0               0               0               0               0               0               0        1.000000               0               0               0               0               0               0               0               0               0               0               0               0               0               0               0               0        1.000000               0               0               0               0
Pit(-3)                            0               0               0               0               0               0               0               0               0               0               0        1.000000               0               0               0               0               0               0               0               0               0               0               0               0               0               0               0               0        1.000000               0               0               0               0
Pit(-1)                            0               0               0               0               0               0               0               0               0               0               0        1.000000               0               0               0               0               0               0               0               0               0               0               0               0               0               0               0               0        1.000000               0               0               0               0
inflationq(-1)             -0.009791        0.009492        0.010376        0.064406       -0.006430        0.063522        0.048955       -0.000153       -0.070319               0       -0.000321       -0.000321        0.070319        0.010428       -0.070319               0       -0.140637       -0.000498       -0.000089       -0.000153       -0.006365               0               0               0               0               0               0        0.041713       -0.000321       -0.001283       -0.006365       -0.006365               0
outputgap(-1)              -0.021990        0.019914        0.032087        0.148714       -0.014438        0.136541        0.109950       -0.000347       -0.155616               0       -0.000692       -0.000692        0.155616        0.027683       -0.155616               0       -0.311232       -0.001098       -0.000203       -0.000347       -0.014294               0               0               0               0               0               0        0.110732       -0.000692       -0.002770       -0.014294       -0.014294               0
output(-1)                 -0.034189        0.030336        0.053797        0.233022       -0.022447        0.209560        0.170945       -0.000541       -0.240914               0       -0.001064       -0.001064        0.240914        0.044938       -0.240914               0       -0.481828       -0.001698       -0.000317       -0.000541       -0.022223               0               0               0               0               0               0        0.179751       -0.001064       -0.004257       -0.022223       -0.022223               0
inno_ebt                   -0.209304        0.160083       -0.558500        1.007334       -0.137612        1.725917        1.046521       -0.002598       -1.694859               0       -0.009114       -0.009114        1.694859       -0.117080       -1.694859               0       -3.389718       -0.011557       -0.001221       -0.002598       -0.136236        0.364000               0               0               0               0               0       -0.468320       -0.009114       -0.036457       -0.136236       -0.136236               0
inno_zt                     0.010360        0.141593       -1.417519        0.207224       -0.685216        1.766336       -0.051798       -0.432584       -0.156170               0       -0.267126       -0.267126        0.156170        0.009850       -0.156170               0       -0.312340        0.251211        0.259168       -0.432584        0.006536               0               0               0        0.684900               0               0        0.039399       -0.267126       -1.068505        0.006536        0.006536               0
interest_                  -0.134952        0.102825       -0.231501        0.709020       -0.088698        1.043345        0.674759       -0.001773       -1.058574               0       -0.005484       -0.005484        1.058574        0.178008       -1.058574               0       -2.117148       -0.007255       -0.000886       -0.001773       -0.087811               0        0.250000               0               0               0        1.000000        0.712033       -0.005484       -0.021936       -0.087811       -0.087811               0
fiscal_                    -0.099692        0.097667       -0.429059        0.414133        0.285927        0.940858        0.498460        0.002226        0.271221               0        0.000170        0.000170       -0.271221        0.068432        0.271221               0        0.542441       -0.001097       -0.000633        0.002226        0.283068               0               0        1.000000               0        1.000000               0        0.273728        0.000170        0.000678        0.283068        0.283068        1.000000


THEORETICAL MOMENTS
VARIABLE           MEAN  STD. DEV.   VARIANCE
ct               0.0000     1.0717     1.1485
deltaFt          0.0000     0.5312     0.2822
deltaWt          0.0000     2.6038     6.7798
Deltastart       0.0000     2.1427     4.5911
ht               0.0000     1.0007     1.0014
Jstart           0.0000     4.9068    24.0766
lambdat          0.0000     2.0748     4.3046
mct              0.0000     0.4650     0.2162
mt               0.0000     2.0654     4.2659
nt               0.0000     0.3938     0.1551
Pit              0.0000     0.2910     0.0847
Piannt           0.0000     0.6598     0.4354
qt               0.0000     3.9946    15.9569
Rt               0.0000     0.6317     0.3990
st               0.0000     3.9946    15.9569
ut               0.0000     3.5439    12.5592
vt               0.0000     5.2808    27.8864
wstart           0.0000     0.5622     0.3161
wt               0.0000     0.5724     0.3277
xLt              0.0000     0.4650     0.2162
yt               0.0000     0.7184     0.5162
ebt              0.0000     0.8351     0.6973
emoneyt          0.0000     0.2500     0.0625
gt               0.0000     1.4252     2.0312
zt               0.0000     0.9239     0.8537
g_               0.0000     0.8716     0.7597
mon_shock        0.0000     1.8983     3.6036
interest         0.0000     2.5267     6.3842
inflation        0.0000     0.6598     0.4354
inflationq       0.0000     1.1641     1.3550
outputgap        0.0000     0.7184     0.5162
output           0.0000     0.7184     0.5162
fispol           0.0000     0.8716     0.7597



VARIANCE DECOMPOSITION (in percent)
               inno_ebt    inno_zt  interest_    fiscal_
ct                65.96       0.46      20.77      12.81
deltaFt           21.90      63.94       7.63       6.53
deltaWt           27.21      66.79       2.64       3.35
Deltastart        45.90      20.64      22.27      11.18
ht                 6.46      82.27       2.28       8.99
Jstart            35.57      47.61       9.97       6.85
lambdat           63.80       0.70      22.58      12.92
mct                0.01      99.98       0.01       0.00
mt                68.14       2.92      26.83       2.11
nt                75.83       0.85      22.89       0.43
Pit                0.42      99.46       0.12       0.01
Piannt             1.10      98.58       0.30       0.02
qt                75.60       0.91      23.01       0.48
Rt                76.65       0.86      17.02       5.47
st                75.60       0.91      23.01       0.48
ut                75.83       0.85      22.89       0.43
vt                73.22       1.55      24.23       1.00
wstart             0.15      99.80       0.05       0.01
wt                 0.00     100.00       0.00       0.00
xLt                0.01      99.98       0.01       0.00
yt                61.82       0.43      19.45      18.30
ebt              100.00       0.00       0.00       0.00
emoneyt            0.00       0.00     100.00       0.00
gt                 0.00       0.00       0.00     100.00
zt                 0.00     100.00       0.00       0.00
g_                 0.00       0.00       0.00     100.00
mon_shock          0.00       0.00     100.00       0.00
interest          76.65       0.86      17.02       5.47
inflation          1.10      98.58       0.30       0.02
inflationq         0.42      99.46       0.12       0.01
outputgap         61.82       0.43      19.45      18.30
output            61.82       0.43      19.45      18.30
fispol             0.00       0.00       0.00     100.00



MATRIX OF CORRELATIONS
Variables             ct     deltaFt     deltaWt  Deltastart          ht      Jstart     lambdat         mct          mt          nt         Pit      Piannt          qt          Rt          st          ut          vt      wstart          wt         xLt          yt         ebt     emoneyt          gt          zt          g_   mon_shock    interest   inflation  inflationq   outputgap      output      fispol
ct                1.0000     -0.4549      0.4806     -0.6684      0.1490     -0.5962     -0.8522     -0.0090      0.1848      0.8916      0.0705      0.0713     -0.8866      0.4658      0.8866     -0.8916      0.7429      0.1001      0.0651     -0.0090      0.7540     -0.7919     -0.1259     -0.3096      0.0465     -0.0811     -0.4349      0.4658      0.0713      0.0705      0.7540      0.7540     -0.0811
deltaFt          -0.4549      1.0000     -0.9004      0.8785     -0.6857      0.9697      0.5470     -0.3948     -0.2961     -0.3528     -0.1439     -0.4632      0.4661     -0.1089     -0.4661      0.3528     -0.4684      0.7642      0.7859     -0.3948     -0.2667      0.4452      0.1936      0.2519      0.6782      0.1603      0.2637     -0.1089     -0.4632     -0.1439     -0.2667     -0.2667      0.1603
deltaWt           0.4806     -0.9004      1.0000     -0.7110      0.8339     -0.9386     -0.4561      0.6690      0.1700      0.4431      0.4789      0.6204     -0.4810      0.3136      0.4810     -0.4431      0.4304     -0.7575     -0.7803      0.6690      0.3497     -0.5174     -0.0889     -0.1676     -0.8111     -0.1436     -0.1605      0.3136      0.6204      0.4789      0.3497      0.3497     -0.1436
Deltastart       -0.6684      0.8785     -0.7110      1.0000     -0.4211      0.9091      0.8520     -0.1644     -0.5274     -0.5051     -0.0468     -0.2253      0.7208     -0.0844     -0.7208      0.5051     -0.7515      0.3906      0.4216     -0.1644     -0.4211      0.5916      0.3309      0.3278      0.3394      0.1685      0.4407     -0.0844     -0.2253     -0.0468     -0.4211     -0.4211      0.1685
ht                0.1490     -0.6857      0.8339     -0.4211      1.0000     -0.7007     -0.0910      0.8011      0.1422      0.2227      0.5991      0.6319     -0.2712      0.1679      0.2712     -0.2227      0.2607     -0.8168     -0.8301      0.8011      0.3351     -0.2456     -0.0886      0.2761     -0.9066      0.2490     -0.1441      0.1679      0.6319      0.5991      0.3351      0.3351      0.2490
Jstart           -0.5962      0.9697     -0.9386      0.9091     -0.7007      1.0000      0.6733     -0.4696     -0.3526     -0.4939     -0.2902     -0.4778      0.6205     -0.2150     -0.6205      0.4939     -0.6072      0.6553      0.6833     -0.4696     -0.3983      0.5811      0.2126      0.2594      0.6520      0.1671      0.3061     -0.2150     -0.4778     -0.2902     -0.3983     -0.3983      0.1671
lambdat          -0.8522      0.5470     -0.4561      0.8520     -0.0910      0.6733      1.0000      0.0367     -0.5674     -0.6782     -0.0407     -0.0075      0.8950     -0.2726     -0.8950      0.6782     -0.8990     -0.1080     -0.0713      0.0367     -0.5790      0.7568      0.3252      0.3568     -0.0636      0.2094      0.4549     -0.2726     -0.0075     -0.0407     -0.5790     -0.5790      0.2094
mct              -0.0090     -0.3948      0.6690     -0.1644      0.8011     -0.4696      0.0367      1.0000      0.0212      0.0244      0.9280      0.6229     -0.0326     -0.0122      0.0326     -0.0244      0.0329     -0.6077     -0.6137      1.0000     -0.0069     -0.0104     -0.0038      0.0022     -0.8748      0.0042     -0.0072     -0.0122      0.6229      0.9280     -0.0069     -0.0069      0.0042
mt                0.1848     -0.2961      0.1700     -0.5274      0.1422     -0.3526     -0.5674      0.0212      1.0000     -0.0593      0.0720     -0.0665     -0.4644     -0.0167      0.4644      0.0593      0.7424      0.0674      0.0471      0.0212      0.1894     -0.3328     -0.5125      0.0143      0.0201      0.1145     -0.2291     -0.0167     -0.0665      0.0720      0.1894      0.1894      0.1145
nt                0.8916     -0.3528      0.4431     -0.5051      0.2227     -0.4939     -0.6782      0.0244     -0.0593      1.0000      0.0966      0.1158     -0.8565      0.5721      0.8565     -1.0000      0.6247      0.0743      0.0423      0.0244      0.8762     -0.7812      0.0000      0.0190      0.0163      0.0000     -0.4058      0.5721      0.1158      0.0966      0.8762      0.8762      0.0000
Pit               0.0705     -0.1439      0.4789     -0.0468      0.5991     -0.2902     -0.0407      0.9280      0.0720      0.0966      1.0000      0.4826     -0.1229      0.0413      0.1229     -0.0966      0.1211     -0.2696     -0.2787      0.9280      0.0648     -0.0642     -0.0188     -0.0055     -0.6332      0.0005     -0.0344      0.0413      0.4826      1.0000      0.0648      0.0648      0.0005
Piannt            0.0713     -0.4632      0.6204     -0.2253      0.6319     -0.4778     -0.0075      0.6229     -0.0665      0.1158      0.4826      1.0000     -0.0684      0.0867      0.0684     -0.1158      0.0257     -0.5923     -0.5978      0.6229      0.0643     -0.0974     -0.0083     -0.0071     -0.6770      0.0002     -0.0483      0.0867      1.0000      0.4826      0.0643      0.0643      0.0002
qt               -0.8866      0.4661     -0.4810      0.7208     -0.2712      0.6205      0.8950     -0.0326     -0.4644     -0.8565     -0.1229     -0.0684      1.0000     -0.4989     -1.0000      0.8565     -0.9381     -0.1007     -0.0618     -0.0326     -0.8753      0.8652      0.2650     -0.0242     -0.0249     -0.0592      0.4784     -0.4989     -0.0684     -0.1229     -0.8753     -0.8753     -0.0592
Rt                0.4658     -0.1089      0.3136     -0.0844      0.1679     -0.2150     -0.2726     -0.0122     -0.0167      0.5721      0.0413      0.0867     -0.4989      1.0000      0.4989     -0.5721      0.3708      0.0766      0.0586     -0.0122      0.6021     -0.8217      0.2818      0.2190      0.0443      0.0944      0.3851      1.0000      0.0867      0.0413      0.6021      0.6021      0.0944
st                0.8866     -0.4661      0.4810     -0.7208      0.2712     -0.6205     -0.8950      0.0326      0.4644      0.8565      0.1229      0.0684     -1.0000      0.4989      1.0000     -0.8565      0.9381      0.1007      0.0618      0.0326      0.8753     -0.8652     -0.2650      0.0242      0.0249      0.0592     -0.4784      0.4989      0.0684      0.1229      0.8753      0.8753      0.0592
ut               -0.8916      0.3528     -0.4431      0.5051     -0.2227      0.4939      0.6782     -0.0244      0.0593     -1.0000     -0.0966     -0.1158      0.8565     -0.5721     -0.8565      1.0000     -0.6247     -0.0743     -0.0423     -0.0244     -0.8762      0.7812      0.0000     -0.0190     -0.0163      0.0000      0.4058     -0.5721     -0.1158     -0.0966     -0.8762     -0.8762      0.0000
vt                0.7429     -0.4684      0.4304     -0.7515      0.2607     -0.6072     -0.8990      0.0329      0.7424      0.6247      0.1211      0.0257     -0.9381      0.3708      0.9381     -0.6247      1.0000      0.1026      0.0652      0.0329      0.7362     -0.7846     -0.4009      0.0239      0.0266      0.0895     -0.4515      0.3708      0.0257      0.1211      0.7362      0.7362      0.0895
wstart            0.1001      0.7642     -0.7575      0.3906     -0.8168      0.6553     -0.1080     -0.6077      0.0674      0.0743     -0.2696     -0.5923     -0.1007      0.0766      0.1007     -0.0743      0.1026      1.0000      0.9992     -0.6077      0.0923     -0.0379     -0.0129     -0.0065      0.9160     -0.0017     -0.0217      0.0766     -0.5923     -0.2696      0.0923      0.0923     -0.0017
wt                0.0651      0.7859     -0.7803      0.4216     -0.8301      0.6833     -0.0713     -0.6137      0.0471      0.0423     -0.2787     -0.5978     -0.0618      0.0586      0.0618     -0.0423      0.0652      0.9992      1.0000     -0.6137      0.0609     -0.0042     -0.0015     -0.0030      0.9194     -0.0010     -0.0033      0.0586     -0.5978     -0.2787      0.0609      0.0609     -0.0010
xLt              -0.0090     -0.3948      0.6690     -0.1644      0.8011     -0.4696      0.0367      1.0000      0.0212      0.0244      0.9280      0.6229     -0.0326     -0.0122      0.0326     -0.0244      0.0329     -0.6077     -0.6137      1.0000     -0.0069     -0.0104     -0.0038      0.0022     -0.8748      0.0042     -0.0072     -0.0122      0.6229      0.9280     -0.0069     -0.0069      0.0042
yt                0.7540     -0.2667      0.3497     -0.4211      0.3351     -0.3983     -0.5790     -0.0069      0.1894      0.8762      0.0648      0.0643     -0.8753      0.6021      0.8753     -0.8762      0.7362      0.0923      0.0609     -0.0069      1.0000     -0.7669     -0.1222      0.3912      0.0448      0.3434     -0.4211      0.6021      0.0643      0.0648      1.0000      1.0000      0.3434
ebt              -0.7919      0.4452     -0.5174      0.5916     -0.2456      0.5811      0.7568     -0.0104     -0.3328     -0.7812     -0.0642     -0.0974      0.8652     -0.8217     -0.8652      0.7812     -0.7846     -0.0379     -0.0042     -0.0104     -0.7669      1.0000      0.0000      0.0000      0.0000      0.0000      0.0000     -0.8217     -0.0974     -0.0642     -0.7669     -0.7669      0.0000
emoneyt          -0.1259      0.1936     -0.0889      0.3309     -0.0886      0.2126      0.3252     -0.0038     -0.5125      0.0000     -0.0188     -0.0083      0.2650      0.2818     -0.2650      0.0000     -0.4009     -0.0129     -0.0015     -0.0038     -0.1222      0.0000      1.0000      0.0000      0.0000      0.0000      0.5268      0.2818     -0.0083     -0.0188     -0.1222     -0.1222      0.0000
gt               -0.3096      0.2519     -0.1676      0.3278      0.2761      0.2594      0.3568      0.0022      0.0143      0.0190     -0.0055     -0.0071     -0.0242      0.2190      0.0242     -0.0190      0.0239     -0.0065     -0.0030      0.0022      0.3912      0.0000      0.0000      1.0000      0.0000      0.6116      0.0000      0.2190     -0.0071     -0.0055      0.3912      0.3912      0.6116
zt                0.0465      0.6782     -0.8111      0.3394     -0.9066      0.6520     -0.0636     -0.8748      0.0201      0.0163     -0.6332     -0.6770     -0.0249      0.0443      0.0249     -0.0163      0.0266      0.9160      0.9194     -0.8748      0.0448      0.0000      0.0000      0.0000      1.0000      0.0000      0.0000      0.0443     -0.6770     -0.6332      0.0448      0.0448      0.0000
g_               -0.0811      0.1603     -0.1436      0.1685      0.2490      0.1671      0.2094      0.0042      0.1145      0.0000      0.0005      0.0002     -0.0592      0.0944      0.0592      0.0000      0.0895     -0.0017     -0.0010      0.0042      0.3434      0.0000      0.0000      0.6116      0.0000      1.0000      0.0000      0.0944      0.0002      0.0005      0.3434      0.3434      1.0000
mon_shock        -0.4349      0.2637     -0.1605      0.4407     -0.1441      0.3061      0.4549     -0.0072     -0.2291     -0.4058     -0.0344     -0.0483      0.4784      0.3851     -0.4784      0.4058     -0.4515     -0.0217     -0.0033     -0.0072     -0.4211      0.0000      0.5268      0.0000      0.0000      0.0000      1.0000      0.3851     -0.0483     -0.0344     -0.4211     -0.4211      0.0000
interest          0.4658     -0.1089      0.3136     -0.0844      0.1679     -0.2150     -0.2726     -0.0122     -0.0167      0.5721      0.0413      0.0867     -0.4989      1.0000      0.4989     -0.5721      0.3708      0.0766      0.0586     -0.0122      0.6021     -0.8217      0.2818      0.2190      0.0443      0.0944      0.3851      1.0000      0.0867      0.0413      0.6021      0.6021      0.0944
inflation         0.0713     -0.4632      0.6204     -0.2253      0.6319     -0.4778     -0.0075      0.6229     -0.0665      0.1158      0.4826      1.0000     -0.0684      0.0867      0.0684     -0.1158      0.0257     -0.5923     -0.5978      0.6229      0.0643     -0.0974     -0.0083     -0.0071     -0.6770      0.0002     -0.0483      0.0867      1.0000      0.4826      0.0643      0.0643      0.0002
inflationq        0.0705     -0.1439      0.4789     -0.0468      0.5991     -0.2902     -0.0407      0.9280      0.0720      0.0966      1.0000      0.4826     -0.1229      0.0413      0.1229     -0.0966      0.1211     -0.2696     -0.2787      0.9280      0.0648     -0.0642     -0.0188     -0.0055     -0.6332      0.0005     -0.0344      0.0413      0.4826      1.0000      0.0648      0.0648      0.0005
outputgap         0.7540     -0.2667      0.3497     -0.4211      0.3351     -0.3983     -0.5790     -0.0069      0.1894      0.8762      0.0648      0.0643     -0.8753      0.6021      0.8753     -0.8762      0.7362      0.0923      0.0609     -0.0069      1.0000     -0.7669     -0.1222      0.3912      0.0448      0.3434     -0.4211      0.6021      0.0643      0.0648      1.0000      1.0000      0.3434
output            0.7540     -0.2667      0.3497     -0.4211      0.3351     -0.3983     -0.5790     -0.0069      0.1894      0.8762      0.0648      0.0643     -0.8753      0.6021      0.8753     -0.8762      0.7362      0.0923      0.0609     -0.0069      1.0000     -0.7669     -0.1222      0.3912      0.0448      0.3434     -0.4211      0.6021      0.0643      0.0648      1.0000      1.0000      0.3434
fispol           -0.0811      0.1603     -0.1436      0.1685      0.2490      0.1671      0.2094      0.0042      0.1145      0.0000      0.0005      0.0002     -0.0592      0.0944      0.0592      0.0000      0.0895     -0.0017     -0.0010      0.0042      0.3434      0.0000      0.0000      0.6116      0.0000      1.0000      0.0000      0.0944      0.0002      0.0005      0.3434      0.3434      1.0000



COEFFICIENTS OF AUTOCORRELATION
Order              1       2       3       4       5
ct            0.9572  0.8729  0.7745  0.6779  0.5906
deltaFt       0.8572  0.6861  0.5311  0.4040  0.3052
deltaWt       0.7875  0.6195  0.4867  0.3817  0.3010
Deltastart    0.7780  0.5818  0.4253  0.3098  0.2299
ht            0.6565  0.4697  0.3379  0.2449  0.1804
Jstart        0.8166  0.6503  0.5141  0.4073  0.3249
lambdat       0.7685  0.5897  0.4570  0.3632  0.3002
mct           0.3584  0.0846 -0.0210 -0.0529 -0.0546
mt            0.0604 -0.0451 -0.0592 -0.0508 -0.0312
nt            0.8820  0.7571  0.6499  0.5631  0.4937
Pit           0.2556 -0.0351 -0.1262 -0.1354 -0.1157
Piannt        0.7791  0.4118  0.0338 -0.2582 -0.3121
qt            0.8579  0.7335  0.6291  0.5450  0.4782
Rt            0.9265  0.8504  0.7731  0.6953  0.6170
st            0.8579  0.7335  0.6291  0.5450  0.4782
ut            0.8820  0.7571  0.6499  0.5631  0.4937
vt            0.6030  0.4847  0.4091  0.3546  0.3154
wstart        0.8787  0.6930  0.5163  0.3719  0.2622
wt            0.8769  0.6913  0.5152  0.3712  0.2618
xLt           0.3584  0.0846 -0.0210 -0.0529 -0.0546
yt            0.8909  0.7746  0.6672  0.5758  0.5011
ebt           0.9000  0.8100  0.7290  0.6561  0.5905
emoneyt       0.0000  0.0000  0.0000  0.0000  0.0000
gt            0.7912  0.6260  0.4953  0.3919  0.3100
zt            0.6712  0.4505  0.3024  0.2030  0.1362
g_           -0.0000 -0.0000 -0.0000 -0.0000 -0.0000
mon_shock     0.8500  0.7225  0.6141  0.5220  0.4437
interest      0.9265  0.8504  0.7731  0.6953  0.6170
inflation     0.7791  0.4118  0.0338 -0.2582 -0.3121
inflationq    0.2556 -0.0351 -0.1262 -0.1354 -0.1157
outputgap     0.8909  0.7746  0.6672  0.5758  0.5011
output        0.8909  0.7746  0.6672  0.5758  0.5011
fispol       -0.0000 -0.0000 -0.0000 -0.0000 -0.0000
Total computing time : 0h00m12s
